Gene A	Gene B	Uniprot A	Uniprot B	Symbol A	Symbol B	p(Wrong)	p(No Interaction)	p(Interaction)
100	728378	P00813	A5A3E0	ADA	POTEF	2.60594650711162e-9	0.000332769015644318	0.999667228378409
100	60	P00813	P60709	ADA	ACTB	1.36820445161759e-11	0.235234768088258	0.76476523189806
222389	5987	Q8N7W2	P14373	BEND7	TRIM27	9.74260842528123e-9	0.0227964173187395	0.977203572938652
222389	708	Q8N7W2	Q07021	BEND7	C1QBP	9.38470900945761e-13	0.00853737589191158	0.99146262410715
222389	4038	Q8N7W2	O75096	BEND7	LRP4	4.15859383331591e-10	0.0000112682813304218	0.99998873130281
645121	3304	Q6ZMN8	P08107	CCNI2	HSPA1B	2.03349836501235e-12	0.19667904117418	0.803320958823787
645121	3312	Q6ZMN8	P11142	CCNI2	HSPA8	8.87620964466248e-16	0.0399933280266795	0.96000667197332
645121	3310	Q6ZMN8	P17066	CCNI2	HSPA6	2.46775758664463e-12	0.206733059447998	0.793266940549534
645121	3305	Q6ZMN8	Q53FA3	CCNI2	HSPA1L	1.52554770684262e-12	0.0995483359511479	0.900451664047327
645121	55132	Q6ZMN8	Q659C4-2	CCNI2	LARP1B	2.4622281185677e-11	0.0159905671621144	0.984009432813263
645121	1020	Q6ZMN8	Q00535	CCNI2	CDK5	6.83210112681728e-11	0.0000793473838810524	0.999920652547798
945	201266	P20138	Q8N1S5	CD33	SLC39A11	2.30710610133953e-9	0.0409313937889763	0.959068603903918
945	5824	P20138	P40855	CD33	PEX19	8.93548506864677e-14	0.0790479146223529	0.920952085377558
945	23412	P20138	Q9UBI1	CD33	COMMD3	0.0000200317838066824	0.00834903617997673	0.991630932036217
945	113174	P20138	Q96ER3	CD33	SAAL1	3.54714102017948e-14	0.0349634776173378	0.965036522382627
4733	10489	Q9Y295	Q15345-3	DRG1	LRRC41	1.03304248800019e-10	3.69208844747276e-8	0.999999962975811
4733	55854	Q9Y295	Q8WU90	DRG1	ZC3H15	1.04920865891262e-13	1.92110936754943e-6	0.999998078890527
4733	28989	Q9Y295	Q9BV86	DRG1	METTL11A	1.06287262044062e-6	3.39465657147671e-6	0.999995542470808
4733	54363	Q9Y295	Q9UJM8	DRG1	HAO1	0.0328891073681638	0.0326337519377502	0.934477140694086
91526	23243	Q8N8A2-2	O15084	ANKRD44	ANKRD28	3.80326118098092e-11	1.1075591472374e-7	0.999999889206053
91526	4851	Q8N8A2-2	P46531	ANKRD44	NOTCH1	2.28227016370134e-12	9.14635241293149e-9	0.999999990851365
91526	4853	Q8N8A2-2	Q04721	ANKRD44	NOTCH2	2.74458462716276e-10	2.95683489156535e-6	0.99999704289065
91526	4854	Q8N8A2-2	Q9UM47	ANKRD44	NOTCH3	1.82593905553563e-8	0.0000130665521809816	0.999986915188429
91526	9701	Q8N8A2-2	O75170-2	ANKRD44	PPP6R2	6.72754032042738e-12	3.17955606765812e-6	0.999996820437205
91526	51479	Q8N8A2-2	Q9P2R3-2	ANKRD44	ANKFY1	8.53373015593865e-8	0.0359508563438538	0.964049058318845
91526	22870	Q8N8A2-2	Q9UPN7	ANKRD44	PPP6R1	2.23879571598227e-9	0.0000117677794635362	0.999988229981741
91526	55291	Q8N8A2-2	Q5H9R7-2	ANKRD44	PPP6R3	4.0278712949579e-8	0.0086325957066988	0.991367364014588
91526	55662	Q8N8A2-2	Q9NWT6	ANKRD44	HIF1AN	5.96232397017567e-13	0.0000281136171993634	0.999971886382204
91526	23255	Q8N8A2-2	Q9Y4B5-2	ANKRD44	KIAA0802	6.12287543169746e-11	0.00154480525081733	0.998455194687954
91526	5537	Q8N8A2-2	O00743-2	ANKRD44	PPP6C	1.47127979338917e-11	0.00334531502212741	0.99665468496316
91526	1031	Q8N8A2-2	P42773	ANKRD44	CDKN2C	0.0000202178900290917	0.00156137229041607	0.998418409819555
1819	3312	P55039	P11142	DRG2	HSPA8	2.86711203255002e-16	0.1819696257872	0.8180303742128
1819	51389	P55039	Q9H446	DRG2	RWDD1	1.42135428161335e-14	2.31810232747314e-9	0.999999997681883
148109	1047	Q17R55	O14967	FAM187B	CLGN	6.4673158841588e-13	0.201155305576263	0.79884469442309
148109	7444	Q17R55	Q86Y07-3	FAM187B	VRK2	1.77006310383606e-12	0.114208511803309	0.885791488194921
148109	478	Q17R55	P13637	FAM187B	ATP1A3	3.97940297092067e-11	0.0781324120219376	0.921867587938268
148109	821	Q17R55	P27824	FAM187B	CANX	1.20662971874803e-11	0.0768741215925518	0.923125878395382
148109	3309	Q17R55	P11021	FAM187B	HSPA5	1.37952186462658e-15	0.0795392790797432	0.920460720920255
148109	56928	Q17R55	Q8TCT7	FAM187B	SPPL2B	4.00225226503132e-9	0.0160571518397118	0.983942844158036
148109	293	Q17R55	P12236	FAM187B	SLC25A6	7.99325266109642e-13	0.0273114511382539	0.972688548860947
148109	9349	Q17R55	P62829	FAM187B	RPL23	4.75394706796849e-13	0.0113833190251465	0.988616680974378
148109	114882	Q17R55	Q9BZF1-2	FAM187B	OSBPL8	1.23297635706015e-7	0.0807911473597575	0.919208729342607
148109	7846	Q17R55	Q71U36	FAM187B	TUBA1A	3.4855571104767e-14	0.0105722626839739	0.989427737315991
148109	6646	Q17R55	P35610	FAM187B	SOAT1	4.25634664919684e-8	0.000703643051128042	0.999296314385405
148109	158747	Q17R55	Q8NHP6	FAM187B	MOSPD2	7.00926689488188e-13	0.000025496346849793	0.999974503652449
54363	8514	Q9UJM8	Q13303	HAO1	KCNAB2	4.87269885898979e-7	0.102141295254315	0.897858217475799
23640	3312	Q9NZL4	P11142	HSPBP1	HSPA8	2.51705095718672e-15	0.126475511245407	0.87352448875459
23640	3310	Q9NZL4	P17066	HSPBP1	HSPA6	3.27484896391187e-12	0.239810046327251	0.760189953669474
23640	26098	Q9NZL4	Q3B7T1	HSPBP1	C10orf137	4.53631839205746e-12	3.27341960842419e-6	0.999996726575855
23640	22978	Q9NZL4	P49902	HSPBP1	NT5C2	3.2975701131699e-11	1.96143616163682e-9	0.999999998005588
23640	1998	Q9NZL4	Q15723-1	HSPBP1	ELF2	0.000468938925630453	0.00809857670999387	0.991432484364376
8514	7881	Q13303	C9JQ60	KCNAB2	KCNAB1	3.8541694168295e-12	5.23838707209384e-10	0.999999999472307
8514	26130	Q13303	Q14C86-2	KCNAB2	GAPVD1	5.26160010521131e-14	0.00375673231325203	0.996243267686695
23313	10971	Q6ICG6-2	P27348	KIAA0930	YWHAQ	6.28937100858681e-14	0.00329270617809199	0.996707293821845
23313	7529	Q6ICG6-2	P31946-2	KIAA0930	YWHAB	1.44332843182752e-14	0.0235290529780029	0.976470947021983
23313	2810	Q6ICG6-2	P31947-2	KIAA0930	SFN	1.7553955763635e-12	0.0166419304626065	0.983358069535638
23313	7532	Q6ICG6-2	P61981	KIAA0930	YWHAG	9.08534838649598e-17	0.0018408378213293	0.998159162178671
23313	7531	Q6ICG6-2	P62258-2	KIAA0930	YWHAE	1.51771160444298e-12	0.00935120960086344	0.990648790397619
23313	7534	Q6ICG6-2	P63104	KIAA0930	YWHAZ	2.12577164861239e-14	0.00103564010513085	0.998964359894848
23313	7533	Q6ICG6-2	Q04917	KIAA0930	YWHAH	1.57897118742219e-12	0.0219755051828983	0.978024494815523
23313	55175	Q6ICG6-2	Q9NVR0	KIAA0930	KLHL11	3.29835036883005e-9	0.0000245268040073942	0.999975469897642
23313	285527	Q6ICG6-2	O94915	KIAA0930	FRYL	1.37226180802356e-6	0.000427451294480768	0.999571176443711
23313	10533	Q6ICG6-2	O95352	KIAA0930	ATG7	8.6189921951146e-11	0.00611504115179152	0.993884958762018
23313	7486	Q6ICG6-2	Q14191	KIAA0930	WRN	0.000216893247246637	0.000258160017636977	0.999524946735116
57805	3312	Q8N163	P11142	KIAA1967	HSPA8	1.75754199134797e-16	0.0978352292210587	0.902164770778941
57805	3305	Q8N163	Q53FA3	KIAA1967	HSPA1L	2.16428239216843e-11	0.202187979365332	0.797812020613025
57805	8514	Q8N163	Q13303	KIAA1967	KCNAB2	1.10641547233711e-10	0.00112295327485698	0.998877046614501
57805	54363	Q8N163	Q9UJM8	KIAA1967	HAO1	5.69131058022475e-10	0.0000165406806855686	0.999983458750183
57805	9859	Q8N163	Q5SW79	KIAA1967	CEP170	1.0914649953826e-22	0.059265455763151	0.94073454423685
57805	7846	Q8N163	Q71U36	KIAA1967	TUBA1A	1.68957101728395e-12	0.0646785850373699	0.93532141496094
57805	10381	Q8N163	Q13509	KIAA1967	TUBB3	2.42276368805841e-11	0.0935357919381923	0.90646420803758
57805	347688	Q8N163	Q3ZCM7	KIAA1967	TUBB8	8.39595925871159e-10	0.0570450048341503	0.942954994326254
57805	4163	Q8N163	P23508-2	KIAA1967	MCC	0.00449889481617387	0.0225948682430181	0.972906236940808
9926	3312	Q92604	P11142	LPGAT1	HSPA8	6.89165164887608e-14	0.138407522907834	0.861592477092098
9926	3305	Q92604	Q53FA3	LPGAT1	HSPA1L	1.01535072151357e-13	0.0728497645879095	0.927150235411989
9926	728378	Q92604	A5A3E0	LPGAT1	POTEF	1.57230213589248e-10	0.000258779094349421	0.99974122074842
123355	3329	Q86X40	P10809	LRRC28	HSPD1	1.88347233148165e-12	0.0000371988895074966	0.999962801108609
123355	664618	Q86X40	Q58FF6	LRRC28	HSP90AB4P	7.55922026489235e-13	0.00112264700031512	0.998877352998929
123355	3304	Q86X40	P08107	LRRC28	HSPA1B	1.12658390983803e-14	0.195911260500566	0.804088739499423
123355	3312	Q86X40	P11142	LRRC28	HSPA8	1.45634649118984e-16	0.0970504415921489	0.902949558407851
123355	3310	Q86X40	P17066	LRRC28	HSPA6	6.85999531503167e-16	0.226762756676668	0.773237243323332
123355	3305	Q86X40	Q53FA3	LRRC28	HSPA1L	1.14862078447091e-13	0.227938678002418	0.772061321997467
123355	10574	Q86X40	Q99832	LRRC28	CCT7	4.28487679782691e-15	0.0784701336546424	0.921529866345353
4109	2648	P43363	Q92830	MAGEA10	KAT2A	7.33077498356887e-12	3.73459114589267e-7	0.999999626533555
4109	8850	P43363	Q92831	MAGEA10	KAT2B	2.34480396333544e-11	7.08554716513471e-7	0.999999291421835
4109	10499	P43363	Q15596	MAGEA10	NCOA2	1.6923279747866e-11	1.25051524007109e-9	0.999999998732561
4109	57325	P43363	Q9H8E8	MAGEA10	CSRP2BP	6.08458737062849e-10	0.203546772253478	0.796453227138063
4109	55689	P43363	Q9ULM3	MAGEA10	YEATS2	1.81313165786851e-11	0.0324534346758048	0.967546565306064
4109	728269	P43363	P43362	MAGEA10	MAGEA9B	2.71144167047084e-10	2.9072740057684e-7	0.999999709001455
4109	728378	P43363	A5A3E0	MAGEA10	POTEF	5.94898111606767e-9	0.0000804533780663762	0.999919540672953
4109	60	P43363	P60709	MAGEA10	ACTB	1.52765362712087e-14	0.0525804276531331	0.947419572346852
4109	11325	P43363	Q86XP3	MAGEA10	DDX42	1.1868538488442e-10	0.0143214898005948	0.98567851008072
4109	1523	P43363	Q13948	MAGEA10	CUX1	1.49573248909799e-9	0.0141756108453314	0.985824387658936
4109	84250	P43363	Q9BQI6	MAGEA10	ANKRD32	0.000274488560571833	0.0000205391048868348	0.999704972334541
4109	8805	P43363	O15164-2	MAGEA10	TRIM24	7.88060450684642e-7	0.0359899323497406	0.964009279589809
4109	23133	P43363	Q9UPP1-2	MAGEA10	PHF8	1.97527656925482e-8	3.2527851046757e-6	0.99999672746213
4109	23314	P43363	Q9UPW6	MAGEA10	SATB2	4.62731075895276e-6	0.000682379659335922	0.999312993029905
4109	8204	P43363	P48552	MAGEA10	NRIP1	0.0000267412572014899	3.00013050110317e-6	0.999970258612297
4109	151903	P43363	Q8WUD4	MAGEA10	CCDC12	1.66971668241802e-9	0.047616792107627	0.952383206222656
4109	6191	P43363	P62701	MAGEA10	RPS4X	3.36071325323087e-12	0.0196312707449717	0.980368729251668
4109	79832	P43363	Q2KHR3-2	MAGEA10	QSER1	2.47486951229291e-11	5.1733631816542e-6	0.99999482661207
4109	90459	P43363	Q8IV48	MAGEA10	ERI1	3.29642841237685e-6	4.75786839818592e-8	0.999996655992904
4109	55810	P43363	Q9P0K8-2	MAGEA10	FOXJ2	1.06970880879176e-10	5.96167115694922e-9	0.999999993931358
4109	23481	P43363	O00541	MAGEA10	PES1	6.95335794101082e-13	0.000378908015597982	0.999621091983707
4109	7169	P43363	P07951-2	MAGEA10	TPM2	1.63133006567825e-7	0.0576977243198805	0.942302112547113
4109	10474	P43363	O75528	MAGEA10	TADA3	1.29678349545454e-7	0.167636390577377	0.832363479744274
4109	29902	P43363	Q8WUB2	MAGEA10	C12orf24	3.61868642988793e-11	1.25249821734916e-9	0.999999998711315
4109	5585	P43363	Q16512-2	MAGEA10	PKN1	3.39029196334491e-9	0.0000105099047516437	0.999989486704956
4109	5451	P43363	P14859-2	MAGEA10	POU2F1	8.90974509368771e-7	4.55536500936974e-7	0.99999865348899
4109	29903	P43363	Q9BWC9	MAGEA10	CCDC106	1.06330092446978e-9	0.00157709523605589	0.998422903700643
4109	54535	P43363	Q8TD31-2	MAGEA10	CCHCR1	2.04408498026104e-7	0.000132387606727455	0.999867407984775
4109	64784	P43363	Q6UUV7-3	MAGEA10	CRTC3	0.00746566706269167	4.45894967852098e-7	0.992533887042341
4109	9569	P43363	Q9UHL9-2	MAGEA10	GTF2IRD1	0.0000862823376133179	0.0000704427998882602	0.999843274862498
4109	6944	P43363	Q15906	MAGEA10	VPS72	0.0027775153112827	0.015991318977596	0.981231165711121
10095	10109	O15143	O15144	ARPC1B	ARPC2	2.44049644436256e-13	0.00140713544058791	0.998592864559168
10095	81873	O15143	Q9BPX5	ARPC1B	ARPC5L	2.58412463382315e-8	0.0795797365956397	0.920420237563114
10095	10092	O15143	O15511-2	ARPC1B	ARPC5	5.15646560746058e-11	0.00438933513637884	0.995610664812057
10095	10097	O15143	P61160	ARPC1B	ACTR2	8.51894484432167e-14	0.00642129926157318	0.993578700738342
10095	10094	O15143	O15145	ARPC1B	ARPC3	6.1148827656016e-18	0.02667103218244	0.97332896781756
10095	57180	O15143	Q9P1U1-2	ARPC1B	ACTR3B	9.40537738563117e-9	0.0208252260553538	0.979174764539269
10095	10096	O15143	P61158	ARPC1B	ACTR3	4.01446070227936e-13	0.00214246450087497	0.997857535498724
10095	10093	O15143	P59998	ARPC1B	ARPC4	7.41012654248061e-12	0.0208834054046909	0.979116594587899
10095	57645	O15143	Q9P215	ARPC1B	POGK	1.85084867644386e-7	6.10222427497374e-6	0.999993712690857
10095	30833	O15143	Q8TCD5	ARPC1B	NT5C	4.57897308689905e-6	2.84105234129531e-6	0.999992579974572
5603	728378	O15264	A5A3E0	MAPK13	POTEF	1.18533717098483e-9	0.0303061398066973	0.969693859007966
25886	10574	Q8NBT0	Q99832	POC1A	CCT7	3.86027531035143e-14	0.00333170877580258	0.996668291224159
25886	10575	Q8NBT0	P50991	POC1A	CCT4	1.33218321260713e-13	0.00519681718092089	0.994803182818946
25886	3312	Q8NBT0	P11142	POC1A	HSPA8	1.74573880653008e-15	0.124640304502911	0.875359695497088
25886	3310	Q8NBT0	P17066	POC1A	HSPA6	9.76133600507939e-16	0.223679082900991	0.776320917099008
25886	3305	Q8NBT0	Q53FA3	POC1A	HSPA1L	2.15471028521165e-12	0.164049448443352	0.835950551554493
25886	908	Q8NBT0	P40227	POC1A	CCT6A	7.67550148605786e-15	0.00981490488122575	0.990185095118767
25886	10694	Q8NBT0	P50990	POC1A	CCT8	1.72022889453151e-15	0.0224178553049049	0.977582144695094
25886	7203	Q8NBT0	P49368	POC1A	CCT3	2.79043379313943e-11	0.0385760900563369	0.961423909915759
25886	6950	Q8NBT0	P17987	POC1A	TCP1	4.42838551892344e-15	0.00639382723640037	0.993606172763595
25886	282809	Q8NBT0	Q8TC44	POC1A	POC1B	0.0000167766480699882	0.0000198643537271205	0.999963358998203
25886	22948	Q8NBT0	P48643	POC1A	CCT5	4.35329952020798e-12	0.0625720512291946	0.937427948766452
25886	10576	Q8NBT0	P78371	POC1A	CCT2	1.41338822480862e-13	0.00552927629022599	0.994470723709633
25886	5082	Q8NBT0	Q13371	POC1A	PDCL	4.16544100836387e-6	0.0540571241108464	0.945938710448145
25886	10190	Q8NBT0	O14530	POC1A	TXNDC9	1.04819950122826e-12	0.0868001469110745	0.913199853087877
25886	11151	Q8NBT0	P31146	POC1A	CORO1A	8.8418166492641e-20	1.274908229659e-7	0.99999987250918
152926	1629	Q8N3J5	P11182	PPM1K	DBT	1.27635157337933e-8	2.70431720716049e-7	0.999999716804763
152926	594	Q8N3J5	P21953	PPM1K	BCKDHB	8.44976125995031e-7	2.76991843802286e-6	0.999996385105436
152926	593	Q8N3J5	P12694	PPM1K	BCKDHA	5.45257445219363e-9	0.000463077075875546	0.99953691747155
8460	60	O60507	P60709	TPST1	ACTB	1.81270392147168e-14	0.111129439396116	0.888870560603866
7389	728378	P06132	A5A3E0	UROD	POTEF	1.52833437418067e-8	0.130216122915889	0.869783861800767
7389	56270	P06132	Q5MNZ6	UROD	WDR45L	3.2455606045028e-7	0.126595627625791	0.873404047818149
22846	3312	Q7L8A9	P11142	VASH1	HSPA8	6.43519991850961e-14	0.115452976639297	0.884547023360638
22846	3310	Q7L8A9	P17066	VASH1	HSPA6	1.1304680302089e-10	0.206940494761997	0.793059505124956
22846	3305	Q7L8A9	Q53FA3	VASH1	HSPA1L	1.75765214468546e-13	0.19151440106201	0.808485598937814
10969	6164	Q99848	P49207	EBNA1BP2	RPL34	1.21849821298509e-9	0.187835814961371	0.812164183820131
10969	6122	Q99848	P39023	EBNA1BP2	RPL3	1.06487147018479e-11	0.186187400101473	0.813812599887878
10969	3312	Q99848	P11142	EBNA1BP2	HSPA8	8.51487639543061e-16	0.229564150222626	0.770435849777373
10969	6128	Q99848	Q02878	EBNA1BP2	RPL6	2.4533340556986e-25	0.19527628336383	0.80472371663617
10969	3024	Q99848	Q02539	EBNA1BP2	HIST1H1A	5.4204628671826e-17	7.6533236231488e-7	0.99999923466764
10969	3008	Q99848	P10412	EBNA1BP2	HIST1H1E	9.13142502390987e-10	0.0558711626588668	0.944128836427991
10969	4869	Q99848	P06748-2	EBNA1BP2	NPM1	8.7055493967922e-22	0.11710274398007	0.88289725601993
10969	6132	Q99848	P62917	EBNA1BP2	RPL8	2.3550686076494e-21	0.034229076617524	0.96577092338248
10969	9188	Q99848	Q9NR30-2	EBNA1BP2	DDX21	7.31078436307293e-12	0.125463591964582	0.874536408028108
10969	6155	Q99848	P61353	EBNA1BP2	RPL27	1.16066136035657e-9	0.128582851148993	0.871417147690346
10969	6202	Q99848	P62241	EBNA1BP2	RPS8	7.6356587397903e-20	0.1292844330001	0.8707155669999
10969	55299	Q99848	Q8TDN6	EBNA1BP2	BRIX1	5.34960726039455e-12	0.0349716291714394	0.965028370823211
10969	7169	Q99848	P07951-2	EBNA1BP2	TPM2	8.16146755640133e-10	0.000997223510819443	0.999002775673034
10969	6137	Q99848	P26373	EBNA1BP2	RPL13	2.4575842136777e-17	0.048877641405535	0.95112235859446
10969	9045	Q99848	P50914	EBNA1BP2	RPL14	3.4522966984375e-19	0.18914000114804	0.81085999885196
10969	6157	Q99848	P46776	EBNA1BP2	RPL27A	4.42369539519909e-9	0.0430129076328227	0.956987087943482
10712	3312	P81408-2	P11142	FAM189B	HSPA8	2.36822028645076e-15	0.105646411930206	0.894353588069791
10712	51741	P81408-2	Q9NZC7-2	FAM189B	WWOX	8.14972496189947e-12	1.24651686741599e-7	0.999999875340164
10712	4734	P81408-2	P46934-4	FAM189B	NEDD4	5.54098967533176e-13	0.0000705416574239971	0.999929458342022
10712	83737	P81408-2	Q96J02-2	FAM189B	ITCH	4.64198617711206e-10	0.00513584294043779	0.994864156595364
10712	23327	P81408-2	Q96PU5-7	FAM189B	NEDD4L	1.49261427789026e-11	5.69945060345729e-6	0.99999430053447
10712	11059	P81408-2	Q9H0M0-3	FAM189B	WWP1	8.02212800808316e-13	0.0632211253077807	0.936778874691417
10712	53	P81408-2	P11117	FAM189B	ACP2	7.16875558449642e-6	0.0534023797136418	0.946590451530774
10712	88455	P81408-2	Q8IZ07	FAM189B	ANKRD13A	3.10972222555235e-12	0.0169255718221348	0.983074428174756
10712	338692	P81408-2	D6RCN6	FAM189B	ANKRD13D	2.1424920686203e-11	0.0000810110678880429	0.999918988910687
10712	8916	P81408-2	Q15034	FAM189B	HERC3	2.98998769487408e-11	0.0832004984882774	0.916799501481823
10712	57520	P81408-2	Q9P2P5	FAM189B	HECW2	2.69971841472241e-13	1.4366036020931e-6	0.999998563396128
10712	7169	P81408-2	P07951-2	FAM189B	TPM2	3.55012500906239e-11	0.0188145102657409	0.981185489698758
10712	339457	P81408-2	Q69YW0	FAM189B	C1orf222	2.02263160302313e-6	0.0000306171379194017	0.999967360230477
10712	50626	P81408-2	E9PJD7	FAM189B	CYHR1	4.1346279256833e-8	6.19830837589811e-7	0.999999338822883
10712	3043	P81408-2	P68871	FAM189B	HBB	0.00020042630021078	0.0818816550583332	0.917917918641456
10712	10413	P81408-2	P46937-2	FAM189B	YAP1	3.44657524485001e-12	0.00928964827945683	0.990710351717097
10712	80854	P81408-2	Q8WTS6	FAM189B	SETD7	0.00240979053502683	0.0408356476495648	0.956754561815408
10712	10099	P81408-2	O60637	FAM189B	TSPAN3	0.00381817461214672	0.0128020241105765	0.983379801277277
10712	25807	P81408-2	Q9Y3P4	FAM189B	RHBDD3	0.000182111415312971	0.00492611007477166	0.994891778509915
10712	10385	P81408-2	Q8WVV5-2	FAM189B	BTN2A2	0.000135346854628174	0.111665743569266	0.888198909576106
83957	3310	UNKNOWN	P17066	FKSG43	HSPA6	2.73119942763887e-13	0.193279625007034	0.806720374992693
83957	83786	UNKNOWN	Q9BZ68	FKSG43	FRMD8	2.02232266523118e-14	1.7845849641381e-10	0.999999999821521
3354	506	P28566	P06576	HTR1E	ATP5B	8.78366124627271e-15	0.00825978921381166	0.991740210786179
3354	339457	P28566	Q69YW0	HTR1E	C1orf222	0.0279444862015736	0.00118427005049114	0.970871243747935
3623	3309	P05111	P11021	INHA	HSPA5	3.60295713680937e-15	0.057171007388493	0.942828992611503
3623	2923	P05111	P30101	INHA	PDIA3	1.07223246452142e-9	0.0108625285022811	0.989137470425487
3623	811	P05111	P27797	INHA	CALR	6.51402009952506e-13	0.00315478527893457	0.996845214720414
3623	8517	P05111	Q9Y6K9-2	INHA	IKBKG	0.0000324709901042777	0.000148209540026225	0.999819319469869
57179	3312	Q96A73	P11142	KIAA1191	HSPA8	1.94867743379012e-16	0.180879211850045	0.819120788149955
57179	3310	Q96A73	P17066	KIAA1191	HSPA6	2.37239922706563e-14	0.207851662252087	0.792148337747889
57179	10498	Q96A73	Q86X55-1	KIAA1191	CARM1	6.10638751828829e-11	0.0408024099775552	0.959197589961381
4010	4081	O60663-2	Q13394	LMX1B	MAB21L1	2.52655883178045e-7	0.000509506446968487	0.999490240897148
4010	728378	O60663-2	A5A3E0	LMX1B	POTEF	1.94676943580016e-11	8.23957898410587e-6	0.999991760401548
4010	60	O60663-2	P60709	LMX1B	ACTB	1.75740181083355e-14	0.0734165719258239	0.926583428074158
4010	63876	O60663-2	Q96KN3	LMX1B	PKNOX2	2.36716754759356e-8	1.05261278377554e-8	0.999999965802197
4010	25973	O60663-2	Q7L3T8	LMX1B	PARS2	4.18006281729483e-13	0.228653306729547	0.771346693270035
4010	8861	O60663-2	Q86U70-2	LMX1B	LDB1	2.94153000100822e-10	0.0000159507344062223	0.999984048971441
4010	5087	O60663-2	P40424-2	LMX1B	PBX1	1.39737373088171e-8	0.000711450934356653	0.999288535091906
4010	5089	O60663-2	P40425	LMX1B	PBX2	3.36338553000403e-11	6.98472668308375e-6	0.999993015239683
4010	5090	O60663-2	P40426-2	LMX1B	PBX3	1.59912852492044e-12	0.0000493354450885553	0.999950664553312
4010	4211	O60663-2	O00470	LMX1B	MEIS1	5.85682368522131e-12	1.50341509507336e-6	0.999998496579048
4010	4212	O60663-2	O14770-2	LMX1B	MEIS2	6.14993485757529e-13	7.16286025454354e-7	0.999999283713359
4010	23635	O60663-2	D6RH18	LMX1B	SSBP2	1.129747521937e-18	4.4718300297061e-9	0.99999999552817
4010	170463	O60663-2	Q9BWG4	LMX1B	SSBP4	9.4267325350737e-16	5.7899855979502e-10	0.999999999421
4010	23648	O60663-2	Q9BWW4-2	LMX1B	SSBP3	4.0935717054514e-18	1.8196491540095e-9	0.99999999818035
126868	10768	Q8N8X9	O43865	MAB21L3	AHCYL1	2.72194157356349e-12	0.123554461808194	0.876445538189084
55998	3312	Q9H1B4-2	P11142	NXF5	HSPA8	7.81438190990415e-16	0.0375960756748367	0.962403924325162
55998	3310	Q9H1B4-2	P17066	NXF5	HSPA6	2.37652255427557e-14	0.160855418147421	0.839144581852555
55998	10694	Q9H1B4-2	P50990	NXF5	CCT8	1.2334055713266e-13	0.219696992505239	0.780303007494637
55998	7203	Q9H1B4-2	P49368	NXF5	CCT3	1.74184654297847e-15	0.243899252632924	0.756100747367074
55998	10574	Q9H1B4-2	Q99832	NXF5	CCT7	6.65857012985474e-16	0.182472764048348	0.817527235951651
83879	10971	Q9BWT1-2	P27348	CDCA7	YWHAQ	5.32560021657289e-11	0.156502734529762	0.843497265416982
83879	2810	Q9BWT1-2	P31947-2	CDCA7	SFN	1.1619297731012e-11	0.205268539772994	0.794731460215386
83879	7534	Q9BWT1-2	P63104	CDCA7	YWHAZ	2.11552355193845e-14	0.188275276919774	0.811724723080205
83879	7533	Q9BWT1-2	Q04917	CDCA7	YWHAH	7.88215416343092e-15	0.231724047811424	0.768275952188568
5426	5427	Q07864	P56282	POLE	POLE2	3.17108918602643e-10	6.32822249093512e-7	0.999999366860642
64091	84720	UNKNOWN	Q8TEQ8-2	POPDC2	PIGO	4.07822641586351e-11	0.0793771417989578	0.92062285816026
64091	51635	UNKNOWN	Q9Y394-2	POPDC2	DHRS7	0.0000386301759227128	0.0243902345805922	0.975571135243485
64091	287	UNKNOWN	Q01484-2	POPDC2	ANK2	0.011711131943753	0.0577655024837624	0.930523365572484
64091	84514	UNKNOWN	Q8N2G8	POPDC2	GHDC	1.06883110673817e-7	0.0304091965655945	0.969590696551295
64091	286410	UNKNOWN	Q8NB49-2	POPDC2	ATP11C	8.46097087046869e-9	0.0155076931306894	0.98449229840834
64091	53373	UNKNOWN	Q9ULQ1-3	POPDC2	TPCN1	7.0787195387697e-6	0.000368209262218055	0.999624712018243
64091	6646	UNKNOWN	P35610	POPDC2	SOAT1	2.71564486318893e-9	0.010932956034739	0.989067041249616
64091	8086	UNKNOWN	Q9NRG9	POPDC2	AAAS	2.97822348920668e-13	0.0775046593557788	0.922495340643923
64091	196527	UNKNOWN	Q4KMQ2	POPDC2	ANO6	2.96246187709537e-6	0.0238148318930993	0.976182205645023
64091	56996	UNKNOWN	Q9BXP2	POPDC2	SLC12A9	1.7858714675e-9	0.0519096873132827	0.948090310900846
64091	25807	UNKNOWN	Q9Y3P4	POPDC2	RHBDD3	0.00333698441054537	0.097705976684033	0.898957038905422
64091	10723	UNKNOWN	Q9Y666	POPDC2	SLC12A7	6.72347327175914e-15	0.0278739898537468	0.972126010146247
64091	109	UNKNOWN	O60266	POPDC2	ADCY3	0.000169233415306643	0.00311832973401207	0.996712436850681
64091	124944	UNKNOWN	Q8IXM2	POPDC2	C17orf49	0.00501231869526829	0.000434613139182455	0.994553068165549
64091	57216	UNKNOWN	Q9ULK5	POPDC2	VANGL2	3.23141189053063e-11	0.0118081441183652	0.988191855849321
64091	84230	UNKNOWN	Q8TDW0	POPDC2	LRRC8C	3.19370699022808e-6	0.000538019089419241	0.999458787203591
64091	56262	UNKNOWN	Q8IWT6	POPDC2	LRRC8A	0.000074962679110236	0.0147329648480335	0.985192072472856
64091	399909	UNKNOWN	Q9H6A9	POPDC2	PCNXL3	0.000160980551231446	0.0104378450460531	0.989401174402716
64091	115	UNKNOWN	O60503	POPDC2	ADCY9	3.13572000791768e-6	0.00837364445742704	0.991623219822565
64091	23400	UNKNOWN	Q9NQ11-2	POPDC2	ATP13A2	9.8743923477664e-10	0.0487034077488142	0.951296591263746
84722	3275	Q6PGN9-2	P55345	PSRC1	PRMT2	0.000078772299540757	0.000085973254864383	0.999835254445595
10635	3728	Q96B01-2	P14923	RAD51AP1	JUP	5.69394486083749e-12	0.153783164524921	0.846216835469385
10635	57599	Q96B01-2	Q8TAF3	RAD51AP1	WDR48	1.60952289862012e-9	0.0000764291852870208	0.99992356920519
10635	3501	Q96B01-2	P01859	RAD51AP1	IGHG2	1.86063860135776e-10	0.03141430302251	0.968585696791426
10635	3502	Q96B01-2	P01860	RAD51AP1	IGHG3	0.000588173637677819	0.0000204947463528549	0.999391331615969
10635	3503	Q96B01-2	P01861	RAD51AP1	IGHG4	0.00158930699297197	1.11354757299637e-6	0.998409579459455
10635	7398	Q96B01-2	O94782	RAD51AP1	USP1	3.38963235929694e-11	0.0251187228223152	0.974881277143788
10635	64854	Q96B01-2	P62068-2	RAD51AP1	USP46	9.28224735332125e-11	6.45708585941545e-6	0.999993542821318
8480	8021	P78406	P35658-2	RAE1	NUP214	8.48850975238834e-14	0.0474048021668215	0.952595197833094
8480	4928	P78406	P52948-2	RAE1	NUP98	1.11431652997966e-11	0.00200487702739888	0.997995122961458
8480	55109	P78406	Q8N302	RAE1	AGGF1	4.77193250190792e-11	3.8095541744919e-6	0.999996190398106
8480	5558	P78406	P49643	RAE1	PRIM2	7.84933879238606e-11	0.00225174922114006	0.997748250700367
8480	5422	P78406	P09884	RAE1	POLA1	3.87040223020705e-10	0.0265022014458179	0.973497798167142
8480	701	P78406	O60566-3	RAE1	BUB1B	3.77969687016687e-9	0.00133940421646055	0.998660592003843
8480	23649	P78406	Q14181	RAE1	POLA2	0.0000299662793039214	0.00992875331084318	0.990041280409853
8480	23077	P78406	O75592-2	RAE1	MYCBP2	1.82273843194222e-11	0.018446306044027	0.981553693937746
8480	5557	P78406	P49642	RAE1	PRIM1	3.43640290372232e-13	0.000389985600958356	0.999610014398698
79608	7419	Q7Z5B4-5	Q9Y277-2	RIC3	VDAC3	1.51983933042892e-12	0.094196447427709	0.905803552570771
79608	5245	Q7Z5B4-5	P35232	RIC3	PHB	4.43530972251928e-11	0.00116006006511965	0.998839939890527
79608	11160	Q7Z5B4-5	O94905	RIC3	ERLIN2	6.759595527022e-9	0.00773518839044789	0.992264804849957
79608	478	Q7Z5B4-5	P13637	RIC3	ATP1A3	2.57491673508789e-14	0.081686981830968	0.918313018169006
79608	54892	Q7Z5B4-5	Q86XI2-2	RIC3	NCAPG2	1.46863756644266e-10	0.042129420517783	0.957870579335353
79608	488	Q7Z5B4-5	P16615-2	RIC3	ATP2A2	4.29594635756922e-11	0.249611920914317	0.750388079042724
79608	10527	Q7Z5B4-5	O95373	RIC3	IPO7	2.89497898704934e-14	0.1417532488736	0.858246751126371
79608	3312	Q7Z5B4-5	P11142	RIC3	HSPA8	1.12853754134889e-14	0.199770194586965	0.800229805413024
79608	55735	Q7Z5B4-5	Q9NVH1-2	RIC3	DNAJC11	3.19398986962863e-14	0.0607619092313762	0.939238090768592
79608	23310	Q7Z5B4-5	P42695	RIC3	NCAPD3	1.26407529146507e-10	0.0192059869751686	0.980794012898424
79608	10592	Q7Z5B4-5	O95347-2	RIC3	SMC2	1.66131120079216e-13	0.121207114018215	0.878792885981619
79608	23326	Q7Z5B4-5	Q9UPT9-2	RIC3	USP22	1.21399053609698e-6	0.0156923879457047	0.984306398063759
79608	3156	Q7Z5B4-5	P04035-2	RIC3	HMGCR	8.51625613906108e-11	0.00746693763938799	0.992533062275449
79608	11331	Q7Z5B4-5	Q99623	RIC3	PHB2	1.48806279684985e-12	0.00106772040950365	0.998932279589008
79608	64924	Q7Z5B4-5	Q8TAD4	RIC3	SLC30A5	5.37585437909691e-14	0.000332662285473869	0.999667337714472
79608	55005	Q7Z5B4-5	Q9NWS8	RIC3	RMND1	3.85577603233365e-12	0.000136473337664926	0.999863526658479
79608	202018	Q7Z5B4-5	Q6NXT6-2	RIC3	TAPT1	7.80207961285481e-11	8.97514119495879e-7	0.99999910240786
79608	662	Q7Z5B4-5	Q12981-1	RIC3	BNIP1	7.94118689631886e-12	0.0867555295322333	0.913244470459826
79608	29781	Q7Z5B4-5	Q6IBW4-2	RIC3	NCAPH2	3.92726365259121e-14	0.0000337569007872634	0.999966243099173
79608	83590	Q7Z5B4-5	Q9BVT8	RIC3	TMUB1	9.71046684845893e-8	0.00956390409957984	0.990435998795752
79608	987	Q7Z5B4-5	P50851-2	RIC3	LRBA	8.93590294554656e-10	0.000439162065910029	0.9995608370405
79608	55676	Q7Z5B4-5	Q6NXT4-2	RIC3	SLC30A6	1.66825604154378e-8	0.000106343987973611	0.999893639329466
79608	51290	Q7Z5B4-5	Q96RQ1	RIC3	ERGIC2	3.50163469473607e-7	0.200245586002864	0.799754063833666
79608	148867	Q7Z5B4-5	Q8NEW0	RIC3	SLC30A7	0.000128481912685613	0.075497373109121	0.924374144978193
79608	90809	Q7Z5B4-5	Q86T03-2	RIC3	TMEM55B	4.84678246189307e-6	0.19321164454163	0.806783508675909
79608	7982	Q7Z5B4-5	Q9NRC1-4	RIC3	ST7	3.61347168549886e-8	0.07063262733815	0.929367336527133
79608	10079	Q7Z5B4-5	O75110	RIC3	ATP9A	5.02075248691946e-12	0.0000436182921360263	0.999956381702843
79608	57380	Q7Z5B4-5	Q9HD23	RIC3	MRS2	5.14911501505795e-8	0.133705534058998	0.866294414449852
79608	2710	Q7Z5B4-5	P32189-1	RIC3	GK	1.83334444799245e-8	0.0849466430878622	0.915053338578693
79608	23788	Q7Z5B4-5	Q9Y6C9	RIC3	MTCH2	1.16661750361555e-11	0.155666222331865	0.844333777656469
79608	6790	Q7Z5B4-5	O14965	RIC3	AURKA	2.53648488557391e-7	0.162802482373262	0.837197263978249
79608	387263	Q7Z5B4-5	Q7Z4R8	RIC3	C6orf120	3.71116641621972e-7	0.0074784159803692	0.992521212902989
57007	506	P25106	P06576	CXCR7	ATP5B	3.45595047312119e-15	0.00781267731276893	0.992187322687228
57007	498	P25106	P25705	CXCR7	ATP5A1	9.22383923908911e-13	0.0142923927836574	0.98570760721542
57007	513	P25106	P30049	CXCR7	ATP5D	2.77986954826836e-11	0.0996871805579507	0.900312819414251
57007	539	P25106	P48047	CXCR7	ATP5O	3.58509402873379e-9	0.0443441256871359	0.95565587072777
83942	3312	Q9BXA7	P11142	TSSK1B	HSPA8	1.14600742458694e-14	0.140557676956043	0.859442323043946
83942	3310	Q9BXA7	P17066	TSSK1B	HSPA6	7.53644489630052e-13	0.108980304927591	0.891019695071656
83942	3306	Q9BXA7	B3KUS2	TSSK1B	HSPA2	6.26326894838162e-14	0.241141791237554	0.758858208762383
83942	7284	Q9BXA7	P49411	TSSK1B	TUFM	2.74242986045622e-13	0.219693242744373	0.780306757255353
83942	22994	Q9BXA7	Q9UPN4-2	TSSK1B	AZI1	4.70481854471963e-13	2.24162338688387e-6	0.999997758376143
83942	10243	Q9BXA7	Q9NQX3-2	TSSK1B	GPHN	2.29885604031831e-11	0.0000804179372600054	0.999919582039752
83942	131544	Q9BXA7	Q68DQ2	TSSK1B	CRYBG3	9.0398729061966e-11	7.01148451588081e-7	0.99999929876115
83942	79866	Q9BXA7	Q6PGQ7	TSSK1B	C13orf34	8.98190004349617e-9	0.158178199239263	0.841821791778837
83942	26130	Q9BXA7	Q14C86-2	TSSK1B	GAPVD1	5.02042796606511e-12	0.0000267454636473571	0.999973254531332
83942	28966	Q9BXA7	Q9Y343-2	TSSK1B	SNX24	0.000686533558776969	0.0000159592996982373	0.999297507141525
64854	23239	P62068-2	O60346	USP46	PHLPP1	2.25045113897042e-11	1.49525387372462e-6	0.999998504723622
64854	91833	P62068-2	Q8TBZ3-2	USP46	WDR20	9.26804374756718e-12	7.4664561074994e-7	0.999999253345121
64854	1762	P62068-2	Q09019	USP46	DMWD	1.58000221960462e-10	1.81082273528267e-7	0.999999818759726
64854	3312	P62068-2	P11142	USP46	HSPA8	2.90425327588621e-16	0.207888418885032	0.792111581114968
64854	60	P62068-2	P60709	USP46	ACTB	5.00189870840893e-13	0.246464417883087	0.753535582116413
64854	57599	P62068-2	Q8TAF3	USP46	WDR48	4.1458510105351e-8	0.0000694139738090126	0.999930544567681
64854	58533	P62068-2	Q9UNH7	USP46	SNX6	9.63245549938654e-9	0.000141115698162274	0.999858874669382
64854	6643	P62068-2	O60749	USP46	SNX2	9.68119765803368e-11	0.00102197347901873	0.998978026424169
64854	23035	P62068-2	Q6ZVD8-3	USP46	PHLPP2	1.22167944526545e-8	1.79182459372082e-8	0.99999996986496
30813	1488	Q9NZR4	P56545-2	VSX1	CTBP2	3.66578933758851e-12	0.240686419578127	0.759313580418207
30813	3312	Q9NZR4	P11142	VSX1	HSPA8	3.61065300989593e-14	0.147800514375953	0.852199485624011
30813	8287	Q9NZR4	O00507-2	VSX1	USP9Y	0.038495180691926	0.164498686917889	0.797006132390185
30813	7846	Q9NZR4	Q71U36	VSX1	TUBA1A	7.93054201670596e-11	0.0819950522073898	0.918004947713305
30813	1459	Q9NZR4	P19784	VSX1	CSNK2A2	3.40366250676559e-11	3.80931024291572e-7	0.999999619034939
30813	1457	Q9NZR4	P68400	VSX1	CSNK2A1	1.25992691918415e-12	1.41348352170801e-6	0.999998586515218
30813	1460	Q9NZR4	P67870	VSX1	CSNK2B	1.58640074776621e-11	0.000208060932767706	0.999791939051368
30813	27304	Q9NZR4	O95396	VSX1	MOCS3	5.42712636986115e-13	0.0422464620691945	0.957753537930263
30813	91833	Q9NZR4	Q8TBZ3-2	VSX1	WDR20	0.0000372229336844952	0.207078386185079	0.792884390881237
30813	8338	Q9NZR4	Q16777	VSX1	HIST2H2AC	1.912628011992e-7	0.000216258845605241	0.999783549891594
7572	55663	P17028	Q9NWS9	ZNF24	ZNF446	4.16099549418863e-13	0.0000124730173447864	0.999987526982239
7572	51282	P17028	P57086	ZNF24	SCAND1	6.31666638855384e-8	1.68293188581806e-7	0.999999768540147
7572	55311	P17028	Q8N0Y2-2	ZNF24	ZNF444	4.7365600133521e-17	3.0410360319977e-8	0.99999996958964
51329	23210	Q66PJ3-2	Q6NYC1-2	ARL6IP4	JMJD6	5.62062084467777e-6	0.0039975516896803	0.995996827689475
51329	1459	Q66PJ3-2	P19784	ARL6IP4	CSNK2A2	5.34313678898725e-11	0.0934401009655084	0.90655989898106
51329	9406	Q66PJ3-2	O95218-2	ARL6IP4	ZRANB2	3.09366886831085e-13	0.0523083822052259	0.947691617794465
51329	8669	Q66PJ3-2	O75822	ARL6IP4	EIF3J	6.14870883123566e-10	0.0150529306808001	0.984947068704329
51329	6732	Q66PJ3-2	Q96SB4	ARL6IP4	SRPK1	2.47055210359458e-8	0.0411243782393239	0.958875597055155
51329	26093	Q66PJ3-2	Q9Y3X0	ARL6IP4	CCDC9	3.65422735776819e-9	0.000850739095038192	0.999149257250734
51329	55421	Q66PJ3-2	Q53F19-2	ARL6IP4	C17orf85	2.6424995549297e-7	0.0543574534061969	0.945642282343848
51329	79882	Q66PJ3-2	Q6PJT7-2	ARL6IP4	ZC3H14	2.92429494503904e-7	0.209520974978816	0.79047873259169
51329	7874	Q66PJ3-2	Q93009	ARL6IP4	USP7	4.7413414747269e-12	0.0715886498978269	0.928411350097432
51329	55425	Q66PJ3-2	Q8IXQ4-2	ARL6IP4	KIAA1704	9.05231963869675e-9	0.000100496874890024	0.99989949407279
51329	79837	Q66PJ3-2	Q8TBX8	ARL6IP4	PIP4K2C	5.30748499599684e-8	0.0000433851586267712	0.999956561766523
51329	8396	Q66PJ3-2	P78356	ARL6IP4	PIP4K2B	1.23089665010074e-8	0.0000146947604299152	0.999985292930604
51329	5305	Q66PJ3-2	P48426	ARL6IP4	PIP4K2A	2.83796033581135e-7	0.000181361345330578	0.999818354858636
51329	95	Q66PJ3-2	Q03154	ARL6IP4	ACY1	2.95020335778714e-9	0.0652266517789644	0.934773345270832
2689	81689	P01242	Q9BUE6	GH2	ISCA1	4.04603826561703e-10	0.00292436149702091	0.997075638098375
2689	23173	P01242	P53582	GH2	METAP1	7.68047990385562e-12	0.000063041601483932	0.999936958390836
64785	51659	Q9BRX5	Q9Y248	GINS3	GINS2	1.68935411260539e-10	5.36878080865258e-9	0.999999994462284
64785	4176	Q9BRX5	P33993	GINS3	MCM7	7.1812129315575e-23	0.16051172439161	0.83948827560839
64785	8914	Q9BRX5	Q9UNS1-2	GINS3	TIMELESS	2.8492620614851e-12	0.000079364714222075	0.999920635282929
64785	9837	Q9BRX5	Q14691	GINS3	GINS1	7.59119372058423e-9	2.46447111763584e-6	0.999997527937689
64785	4171	Q9BRX5	P49736	GINS3	MCM2	7.98598632640069e-13	0.207091419100432	0.792908580898769
64785	84296	Q9BRX5	Q9BRT9	GINS3	GINS4	6.76408317654516e-13	2.00909809243057e-8	0.999999979908343
64785	63967	Q9BRX5	Q9HAW4-2	GINS3	CLSPN	4.36785625720743e-7	4.01662644031732e-6	0.999995546587934
64785	54962	Q9BRX5	Q9BVW5	GINS3	TIPIN	4.0440364199285e-10	0.0029122945070351	0.99708770508856
493869	26330	Q8TED1	O14556	GPX8	GAPDHS	8.26212472088924e-7	0.0390145763548783	0.96098459743265
80273	55749	Q9HAV7	Q8IX12-2	GRPEL1	CCAR1	4.42976804236532e-7	0.220477302988385	0.77952225403481
80273	23022	Q9HAV7	Q8WX93-3	GRPEL1	PALLD	1.21575284568715e-8	4.03607875772148e-7	0.999999584234596
80273	134266	Q9HAV7	Q8TAA5	GRPEL1	GRPEL2	2.7328970483476e-19	0.00032098528687668	0.99967901471312
2946	2947	P28161	P21266	GSTM2	GSTM3	1.6148996291073e-24	2.0021399084936e-6	0.99999799786009
2946	2949	P28161	P46439	GSTM2	GSTM5	1.5034168388323e-18	8.4166107635961e-10	0.99999999915834
2946	2948	P28161	Q03013-2	GSTM2	GSTM4	7.87425412819466e-12	5.80680727024028e-9	0.999999994185318
3082	51661	P14210-2	Q9Y680-2	HGF	FKBP7	3.29032104669301e-8	0.181911380681247	0.818088586415542
3024	51574	Q02539	Q4G0J3	HIST1H1A	LARP7	2.67054657450148e-11	0.00645902649596228	0.993540973477332
3024	51087	Q02539	Q9Y2T7	HIST1H1A	YBX2	1.45173545392423e-10	0.0000976126473641839	0.999902387207462
3024	400506	Q02539	Q1ED39	HIST1H1A	C16orf88	3.61806043293414e-10	0.0828044889155575	0.917195510722636
3024	23451	Q02539	O75533	HIST1H1A	SF3B1	2.81223626921147e-10	0.174122143635381	0.825877856083395
3024	10940	Q02539	Q99575	HIST1H1A	POP1	6.60639424743653e-8	0.111577343864217	0.88842259007184
3024	57062	Q02539	Q9GZR7	HIST1H1A	DDX24	9.18039758075438e-12	0.0651921400271456	0.934807859963674
3024	117246	Q02539	Q8IY81	HIST1H1A	FTSJ3	1.80266636264304e-15	0.103360838153294	0.896639161846705
3024	6188	Q02539	P23396	HIST1H1A	RPS3	1.77588468467621e-12	0.198275001625429	0.801724998372795
3024	10992	Q02539	Q13435	HIST1H1A	SF3B2	1.24148259424626e-9	0.123404966919951	0.876595031838566
3024	64763	Q02539	Q6ZN55-2	HIST1H1A	ZNF574	2.86519188519154e-6	0.144786317217893	0.855210817590222
3024	79759	Q02539	Q96K58	HIST1H1A	ZNF668	5.60333163414083e-7	0.0451335668745949	0.954865872792242
3024	23223	Q02539	Q5JTH9-2	HIST1H1A	RRP12	1.10258472341617e-9	0.0324192093438513	0.967580789553564
3024	7621	Q02539	Q9UC06	HIST1H1A	ZNF70	0.000896015969108612	0.00460655439382237	0.994497429637069
3024	64745	Q02539	Q9H7H0-2	HIST1H1A	METTL17	2.29896365601462e-10	0.0975092600003069	0.902490739769797
3024	4736	Q02539	P62906	HIST1H1A	RPL10A	9.03338051901133e-12	0.245357269178553	0.754642730812414
3024	1736	Q02539	O60832	HIST1H1A	DKC1	2.39669515130013e-12	0.217056142860713	0.782943857136891
3024	5976	Q02539	Q92900-2	HIST1H1A	UPF1	9.68381434010946e-12	0.0457978030681199	0.954202196922196
3024	27067	Q02539	Q9NUL3-2	HIST1H1A	STAU2	1.02686379574339e-14	0.0395009218155133	0.960499078184476
3024	6780	Q02539	O95793-2	HIST1H1A	STAU1	1.01238263165203e-6	0.048079585993525	0.951919401623843
3024	8761	Q02539	Q13310-2	HIST1H1A	PABPC4	4.13651702409853e-12	0.125387223269613	0.87461277672625
3024	22907	Q02539	Q7L2E3-2	HIST1H1A	DHX30	3.75313579062318e-11	0.134679431508134	0.865320568454335
3024	1993	Q02539	Q12926-2	HIST1H1A	ELAVL2	1.98967844312307e-9	0.0139339480516318	0.98606604995869
3024	221785	Q02539	Q6NSZ9	HIST1H1A	ZNF498	7.55707665317436e-11	0.0211710748270124	0.978828925097417
3024	50809	Q02539	Q5SSJ5-2	HIST1H1A	HP1BP3	9.672255490989e-11	0.21331295949018	0.786687040413097
3024	55661	Q02539	Q96GQ7	HIST1H1A	DDX27	3.56259826043796e-10	0.103295720408618	0.896704279235122
3024	26995	Q02539	O95900	HIST1H1A	TRUB2	7.24706164135684e-11	0.103295026203126	0.896704973724403
3024	8602	Q02539	P78316-2	HIST1H1A	NOP14	6.73499038685208e-12	0.00413230216459067	0.995867697828674
3024	6189	Q02539	P61247	HIST1H1A	RPS3A	8.32769942983654e-14	0.230761909267762	0.769238090732155
3024	6193	Q02539	P46782	HIST1H1A	RPS5	1.5746586063888e-10	0.0837464389988122	0.916253560843722
3024	65095	Q02539	Q8N9T8-2	HIST1H1A	KRI1	6.21241706640059e-13	0.0713377094961683	0.92866229050321
3024	4343	Q02539	Q9HCE1	HIST1H1A	MOV10	1.59218675791121e-11	0.0400601861687913	0.959939813815287
3024	84310	Q02539	Q9BRJ6	HIST1H1A	C7orf50	2.39344688262516e-10	0.102278948140174	0.897721051620481
3024	85437	Q02539	Q8TBF4	HIST1H1A	ZCRB1	6.23786942364366e-6	0.214894145752399	0.785099616378177
3024	56829	Q02539	Q7Z2W4-2	HIST1H1A	ZC3HAV1	3.23524642334719e-14	0.0267669297274649	0.973233070272503
3024	26156	Q02539	O76021	HIST1H1A	RSL1D1	2.43292906073931e-12	0.213177234196468	0.786822765801099
3024	84294	Q02539	Q9BRU9	HIST1H1A	UTP23	0.00957921365834424	0.103929711182003	0.886491075159652
3024	85364	Q02539	Q9NUD5	HIST1H1A	ZCCHC3	3.02178578614248e-9	0.0817553564112346	0.91824464056698
3024	9904	Q02539	Q9Y4C8	HIST1H1A	RBM19	1.06471814138874e-10	0.0595244321461279	0.9404755677474
3024	90957	Q02539	Q6P158	HIST1H1A	DHX57	4.64359574288475e-12	0.00694558377291381	0.993054416222443
3024	6838	Q02539	O75683	HIST1H1A	SURF6	2.26214846373318e-13	0.070624502571854	0.92937549742792
3024	23560	Q02539	Q9BZE4	HIST1H1A	GTPBP4	8.05603786526748e-13	0.178293655779429	0.821706344219766
3024	23367	Q02539	Q6PKG0	HIST1H1A	LARP1	4.16529084465213e-13	0.0731407039081458	0.926859296091438
3024	10667	Q02539	O95363	HIST1H1A	FARS2	1.18174940942251e-9	0.00453770654998411	0.995462292268267
3024	26024	Q02539	O75127	HIST1H1A	PTCD1	1.57671741455799e-6	0.220180656158222	0.779817767124363
3024	10664	Q02539	P49711	HIST1H1A	CTCF	3.41500391270857e-10	0.181152897166331	0.818847102492169
3024	6166	Q02539	Q969Q0	HIST1H1A	RPL36AL	8.36880002282754e-6	0.000879427825686448	0.999112203374291
3024	51807	Q02539	Q9NY65	HIST1H1A	TUBA8	2.33274069104011e-7	0.0943203029471421	0.905679463778789
